61,1
61,3
60,1
60,3
51,1
51,3
50,1
50,3
49,1
49,3
48,1
48,3
59,1
59,3
57,1
57,3
58,1
58,3
53,1
53,3
62,1
62,3
52,1
52,3
114,52
114,51
114,50
114,49
114,48
114,47
114,46
114,45
114,44
17,2
17,1
17,3
15,2
15,1
15,3
16,2
16,1
16,3
13,2
14,2
14,1
14,3
13,1
13,3
0,273
0,270
114,43
114,42
114,41
114,40
114,39
114,38
114,37
114,36
114,35
113,3
113,2
113,1
113,0
112,3
112,2
112,1
112,0
111,3
111,2
111,1
111,0
110,3
20,2
110,2
20,1
110,1
20,3
110,0
109,3
109,2
109,1
109,0
108,3
19,2
108,2
19,1
108,1
19,3
108,0
107,0
106,16
106,15
106,14
106,13
106,12
106,11
106,10
106,9
106,8
106,7
106,6
106,5
106,4
106,3
106,2
106,1
106,0
105,8
105,7
105,6
105,5
105,4
105,3
105,2
105,1
105,0
104,5
104,4
104,3
104,2
104,1
104,0
103,93
103,92
